x[km] y[km] z[km] vx[km] vy[km] vz[km]
778569183.157 1129093.848  0.000 -0.019 13.068  0.000 
778566732.630 2258185.325  0.000 -0.038 13.068  0.000 
778562648.424 3387272.062  0.000 -0.057 13.068  0.000 
778556930.548 4516351.687  0.000 -0.076 13.068  0.000 
778549579.013 5645421.830  0.000 -0.095 13.068  0.000 
778540593.836 6774480.122  0.000 -0.113 13.068  0.000 
778529975.034 7903524.192  0.000 -0.132 13.068  0.000 
778517722.632 9032551.668  0.000 -0.151 13.067  0.000 
778503836.653 10161560.182  0.000 -0.170 13.067  0.000 
778488317.129 11290547.363  0.000 -0.189 13.067  0.000 
778471164.091 12419510.840  0.000 -0.208 13.067  0.000 
778452377.575 13548448.244  0.000 -0.227 13.066  0.000 
778431957.621 14677357.205  0.000 -0.246 13.066  0.000 
778409904.273 15806235.352  0.000 -0.265 13.066  0.000 
778386217.576 16935080.315  0.000 -0.284 13.065  0.000 
778360897.581 18063889.725  0.000 -0.303 13.065  0.000 
778333944.341 19192661.212  0.000 -0.321 13.064  0.000 
778305357.912 20321392.406  0.000 -0.340 13.064  0.000 
778275138.356 21450080.937  0.000 -0.359 13.063  0.000 
778243285.736 22578724.436  0.000 -0.378 13.063  0.000 
778209800.118 23707320.533  0.000 -0.397 13.062  0.000 
778174681.575 24835866.860  0.000 -0.416 13.062  0.000 
778137930.178 25964361.046  0.000 -0.435 13.061  0.000 
778099546.007 27092800.722  0.000 -0.454 13.060  0.000 
778059529.142 28221183.521  0.000 -0.473 13.060  0.000 
778017879.667 29349507.072  0.000 -0.492 13.059  0.000 
777974597.670 30477769.006  0.000 -0.510 13.058  0.000 
777929683.242 31605966.956  0.000 -0.529 13.057  0.000 
777883136.479 32734098.553  0.000 -0.548 13.057  0.000 
777834957.477 33862161.428  0.000 -0.567 13.056  0.000 
777785146.340 34990153.213  0.000 -0.586 13.055  0.000 
777733703.171 36118071.540  0.000 -0.605 13.054  0.000 
777680628.079 37245914.041  0.000 -0.624 13.053  0.000 
777625921.176 38373678.349  0.000 -0.643 13.052  0.000 
777569582.578 39501362.094  0.000 -0.662 13.051  0.000 
777511612.402 40628962.912  0.000 -0.680 13.050  0.000 
777452010.772 41756478.433  0.000 -0.699 13.049  0.000 
777390777.813 42883906.291  0.000 -0.718 13.048  0.000 
777327913.654 44011244.119  0.000 -0.737 13.047  0.000 
777263418.427 45138489.550  0.000 -0.756 13.046  0.000 
777197292.269 46265640.219  0.000 -0.775 13.045  0.000 
777129535.319 47392693.757  0.000 -0.794 13.044  0.000 
777060147.719 48519647.800  0.000 -0.813 13.043  0.000 
776989129.616 49646499.982  0.000 -0.831 13.042  0.000 
776916481.160 50773247.937  0.000 -0.850 13.040  0.000 
776842202.503 51899889.298  0.000 -0.869 13.039  0.000 
776766293.803 53026421.702  0.000 -0.888 13.038  0.000 
776688755.218 54152842.783  0.000 -0.907 13.037  0.000 
776609586.914 55279150.177  0.000 -0.926 13.035  0.000 
776528789.056 56405341.519  0.000 -0.945 13.034  0.000 
776446361.814 57531414.444  0.000 -0.963 13.033  0.000 
776362305.364 58657366.588  0.000 -0.982 13.031  0.000 
776276619.881 59783195.589  0.000 -1.001 13.030  0.000 
776189305.546 60908899.082  0.000 -1.020 13.028  0.000 
776100362.543 62034474.704  0.000 -1.039 13.027  0.000 
776009791.061 63159920.092  0.000 -1.058 13.025  0.000 
775917591.289 64285232.884  0.000 -1.077 13.024  0.000 
775823763.421 65410410.717  0.000 -1.095 13.022  0.000 
775728307.657 66535451.229  0.000 -1.114 13.020  0.000 
775631224.196 67660352.058  0.000 -1.133 13.019  0.000 
775532513.244 68785110.842  0.000 -1.152 13.017  0.000 
775432175.008 69909725.221  0.000 -1.171 13.016  0.000 
775330209.701 71034192.833  0.000 -1.190 13.014  0.000 
775226617.536 72158511.319  0.000 -1.208 13.012  0.000 
775121398.732 73282678.316  0.000 -1.227 13.010  0.000 
775014553.511 74406691.467  0.000 -1.246 13.009  0.000 
774906082.098 75530548.410  0.000 -1.265 13.007  0.000 
774795984.722 76654246.787  0.000 -1.284 13.005  0.000 
774684261.615 77777784.239  0.000 -1.302 13.003  0.000 
774570913.011 78901158.407  0.000 -1.321 13.001  0.000 
774455939.151 80024366.933  0.000 -1.340 12.999  0.000 
774339340.276 81147407.458  0.000 -1.359 12.997  0.000 
774221116.632 82270277.626  0.000 -1.378 12.995  0.000 
774101268.468 83392975.079  0.000 -1.397 12.993  0.000 
773979796.037 84515497.460  0.000 -1.415 12.991  0.000 
773856699.594 85637842.413  0.000 -1.434 12.989  0.000 
773731979.399 86760007.581  0.000 -1.453 12.987  0.000 
773605635.716 87881990.610  0.000 -1.472 12.985  0.000 
773477668.809 89003789.143  0.000 -1.490 12.983  0.000 
773348078.950 90125400.826  0.000 -1.509 12.981  0.000 
773216866.410 91246823.304  0.000 -1.528 12.978  0.000 
773084031.467 92368054.223  0.000 -1.547 12.976  0.000 
772949574.400 93489091.229  0.000 -1.566 12.974  0.000 
772813495.492 94609931.970  0.000 -1.584 12.972  0.000 
772675795.032 95730574.091  0.000 -1.603 12.969  0.000 
772536473.307 96851015.242  0.000 -1.622 12.967  0.000 
772395530.613 97971253.069  0.000 -1.641 12.965  0.000 
