x[km] y[km] z[km] vx[km] vy[km] vz[km]
4495059975.427 469243.466  0.000 -0.001  5.431  0.000 
4495059901.708 938486.926  0.000 -0.001  5.431  0.000 
4495059778.842 1407730.376  0.000 -0.002  5.431  0.000 
4495059606.831 1876973.811  0.000 -0.002  5.431  0.000 
4495059385.674 2346217.226  0.000 -0.003  5.431  0.000 
4495059115.370 2815460.615  0.000 -0.003  5.431  0.000 
4495058795.920 3284703.973  0.000 -0.004  5.431  0.000 
4495058427.324 3753947.296  0.000 -0.005  5.431  0.000 
4495058009.582 4223190.578  0.000 -0.005  5.431  0.000 
4495057542.694 4692433.814  0.000 -0.006  5.431  0.000 
4495057026.660 5161676.999  0.000 -0.006  5.431  0.000 
4495056461.480 5630920.127  0.000 -0.007  5.431  0.000 
4495055847.154 6100163.195  0.000 -0.007  5.431  0.000 
4495055183.681 6569406.196  0.000 -0.008  5.431  0.000 
4495054471.063 7038649.126  0.000 -0.009  5.431  0.000 
4495053709.299 7507891.980  0.000 -0.009  5.431  0.000 
4495052898.388 7977134.751  0.000 -0.010  5.431  0.000 
4495052038.332 8446377.437  0.000 -0.010  5.431  0.000 
4495051129.129 8915620.030  0.000 -0.011  5.431  0.000 
4495050170.780 9384862.526  0.000 -0.011  5.431  0.000 
4495049163.286 9854104.920  0.000 -0.012  5.431  0.000 
4495048106.645 10323347.207  0.000 -0.013  5.431  0.000 
4495047000.859 10792589.382  0.000 -0.013  5.431  0.000 
4495045845.926 11261831.440  0.000 -0.014  5.431  0.000 
4495044641.848 11731073.375  0.000 -0.014  5.431  0.000 
4495043388.623 12200315.183  0.000 -0.015  5.431  0.000 
4495042086.253 12669556.858  0.000 -0.015  5.431  0.000 
4495040734.737 13138798.395  0.000 -0.016  5.431  0.000 
4495039334.075 13608039.790  0.000 -0.016  5.431  0.000 
4495037884.267 14077281.036  0.000 -0.017  5.431  0.000 
4495036385.313 14546522.129  0.000 -0.018  5.431  0.000 
4495034837.213 15015763.065  0.000 -0.018  5.431  0.000 
4495033239.968 15485003.837  0.000 -0.019  5.431  0.000 
4495031593.576 15954244.441  0.000 -0.019  5.431  0.000 
4495029898.039 16423484.871  0.000 -0.020  5.431  0.000 
4495028153.356 16892725.123  0.000 -0.020  5.431  0.000 
4495026359.528 17361965.191  0.000 -0.021  5.431  0.000 
4495024516.553 17831205.070  0.000 -0.022  5.431  0.000 
4495022624.433 18300444.756  0.000 -0.022  5.431  0.000 
4495020683.167 18769684.242  0.000 -0.023  5.431  0.000 
4495018692.756 19238923.525  0.000 -0.023  5.431  0.000 
4495016653.199 19708162.598  0.000 -0.024  5.431  0.000 
4495014564.496 20177401.457  0.000 -0.024  5.431  0.000 
4495012426.648 20646640.097  0.000 -0.025  5.431  0.000 
4495010239.654 21115878.513  0.000 -0.026  5.431  0.000 
4495008003.515 21585116.698  0.000 -0.026  5.431  0.000 
4495005718.230 22054354.649  0.000 -0.027  5.431  0.000 
4495003383.799 22523592.361  0.000 -0.027  5.431  0.000 
4495001000.224 22992829.827  0.000 -0.028  5.431  0.000 
4494998567.502 23462067.044  0.000 -0.028  5.431  0.000 
4494996085.636 23931304.005  0.000 -0.029  5.431  0.000 
4494993554.624 24400540.707  0.000 -0.030  5.431  0.000 
4494990974.466 24869777.143  0.000 -0.030  5.431  0.000 
4494988345.164 25339013.308  0.000 -0.031  5.431  0.000 
4494985666.716 25808249.199  0.000 -0.031  5.431  0.000 
4494982939.122 26277484.808  0.000 -0.032  5.431  0.000 
4494980162.384 26746720.132  0.000 -0.032  5.431  0.000 
4494977336.500 27215955.165  0.000 -0.033  5.431  0.000 
4494974461.472 27685189.903  0.000 -0.034  5.431  0.000 
4494971537.298 28154424.339  0.000 -0.034  5.431  0.000 
4494968563.979 28623658.469  0.000 -0.035  5.431  0.000 
4494965541.514 29092892.288  0.000 -0.035  5.431  0.000 
4494962469.905 29562125.791  0.000 -0.036  5.431  0.000 
4494959349.151 30031358.973  0.000 -0.036  5.431  0.000 
4494956179.252 30500591.828  0.000 -0.037  5.431  0.000 
4494952960.208 30969824.351  0.000 -0.038  5.431  0.000 
4494949692.020 31439056.538  0.000 -0.038  5.431  0.000 
4494946374.686 31908288.383  0.000 -0.039  5.431  0.000 
4494943008.207 32377519.881  0.000 -0.039  5.431  0.000 
4494939592.584 32846751.027  0.000 -0.040  5.431  0.000 
4494936127.816 33315981.816  0.000 -0.040  5.431  0.000 
4494932613.904 33785212.243  0.000 -0.041  5.431  0.000 
4494929050.846 34254442.302  0.000 -0.042  5.431  0.000 
4494925438.645 34723671.989  0.000 -0.042  5.431  0.000 
4494921777.298 35192901.299  0.000 -0.043  5.431  0.000 
4494918066.807 35662130.226  0.000 -0.043  5.431  0.000 
4494914307.172 36131358.765  0.000 -0.044  5.431  0.000 
4494910498.392 36600586.912  0.000 -0.044  5.431  0.000 
4494906640.468 37069814.660  0.000 -0.045  5.431  0.000 
4494902733.399 37539042.006  0.000 -0.046  5.431  0.000 
4494898777.186 38008268.943  0.000 -0.046  5.431  0.000 
4494894771.829 38477495.468  0.000 -0.047  5.431  0.000 
4494890717.328 38946721.574  0.000 -0.047  5.431  0.000 
4494886613.683 39415947.256  0.000 -0.048  5.431  0.000 
4494882460.893 39885172.510  0.000 -0.048  5.431  0.000 
4494878258.960 40354397.331  0.000 -0.049  5.431  0.000 
4494874007.882 40823621.713  0.000 -0.049  5.431  0.000 
4494869707.660 41292845.651  0.000 -0.050  5.431  0.000 
4494865358.295 41762069.140  0.000 -0.051  5.431  0.000 
4494860959.786 42231292.175  0.000 -0.051  5.431  0.000 
4494856512.132 42700514.751  0.000 -0.052  5.431  0.000 
4494852015.335 43169736.862  0.000 -0.052  5.431  0.000 
4494847469.395 43638958.505  0.000 -0.053  5.431  0.000 
4494842874.311 44108179.673  0.000 -0.053  5.431  0.000 
4494838230.083 44577400.361  0.000 -0.054  5.431  0.000 
4494833536.711 45046620.565  0.000 -0.055  5.431  0.000 
4494828794.196 45515840.279  0.000 -0.055  5.431  0.000 
4494824002.538 45985059.499  0.000 -0.056  5.431  0.000 
4494819161.736 46454278.218  0.000 -0.056  5.431  0.000 
4494814271.791 46923496.432  0.000 -0.057  5.431  0.000 
4494809332.703 47392714.136  0.000 -0.057  5.431  0.000 
4494804344.471 47861931.325  0.000 -0.058  5.431  0.000 
4494799307.097 48331147.994  0.000 -0.059  5.431  0.000 
4494794220.579 48800364.137  0.000 -0.059  5.431  0.000 
4494789084.918 49269579.750  0.000 -0.060  5.431  0.000 
4494783900.114 49738794.827  0.000 -0.060  5.431  0.000 
4494778666.168 50208009.363  0.000 -0.061  5.431  0.000 
4494773383.078 50677223.354  0.000 -0.061  5.431  0.000 
4494768050.846 51146436.793  0.000 -0.062  5.431  0.000 
4494762669.471 51615649.677  0.000 -0.063  5.431  0.000 
4494757238.953 52084861.999  0.000 -0.063  5.431  0.000 
4494751759.293 52554073.755  0.000 -0.064  5.431  0.000 
4494746230.490 53023284.940  0.000 -0.064  5.431  0.000 
4494740652.544 53492495.548  0.000 -0.065  5.431  0.000 
4494735025.457 53961705.575  0.000 -0.065  5.431  0.000 
4494729349.226 54430915.015  0.000 -0.066  5.431  0.000 
4494723623.854 54900123.863  0.000 -0.067  5.431  0.000 
4494717849.339 55369332.115  0.000 -0.067  5.431  0.000 
4494712025.682 55838539.764  0.000 -0.068  5.431  0.000 
4494706152.884 56307746.807  0.000 -0.068  5.431  0.000 
4494700230.943 56776953.237  0.000 -0.069  5.431  0.000 
4494694259.860 57246159.050  0.000 -0.069  5.431  0.000 
4494688239.635 57715364.241  0.000 -0.070  5.431  0.000 
4494682170.268 58184568.804  0.000 -0.071  5.431  0.000 
4494676051.760 58653772.735  0.000 -0.071  5.431  0.000 
4494669884.110 59122976.028  0.000 -0.072  5.431  0.000 
4494663667.319 59592178.678  0.000 -0.072  5.431  0.000 
4494657401.386 60061380.681  0.000 -0.073  5.431  0.000 
4494651086.311 60530582.030  0.000 -0.073  5.431  0.000 
4494644722.095 60999782.721  0.000 -0.074  5.431  0.000 
4494638308.738 61468982.749  0.000 -0.075  5.431  0.000 
4494631846.239 61938182.109  0.000 -0.075  5.431  0.000 
4494625334.600 62407380.796  0.000 -0.076  5.431  0.000 
4494618773.819 62876578.804  0.000 -0.076  5.431  0.000 
4494612163.897 63345776.128  0.000 -0.077  5.431  0.000 
4494605504.835 63814972.764  0.000 -0.077  5.431  0.000 
4494598796.631 64284168.706  0.000 -0.078  5.431  0.000 
4494592039.287 64753363.949  0.000 -0.078  5.430  0.000 
4494585232.802 65222558.488  0.000 -0.079  5.430  0.000 
4494578377.177 65691752.318  0.000 -0.080  5.430  0.000 
4494571472.410 66160945.434  0.000 -0.080  5.430  0.000 
4494564518.504 66630137.831  0.000 -0.081  5.430  0.000 
4494557515.457 67099329.503  0.000 -0.081  5.430  0.000 
4494550463.270 67568520.445  0.000 -0.082  5.430  0.000 
4494543361.942 68037710.654  0.000 -0.082  5.430  0.000 
4494536211.475 68506900.122  0.000 -0.083  5.430  0.000 
4494529011.867 68976088.846  0.000 -0.084  5.430  0.000 
4494521763.119 69445276.819  0.000 -0.084  5.430  0.000 
4494514465.232 69914464.038  0.000 -0.085  5.430  0.000 
4494507118.205 70383650.496  0.000 -0.085  5.430  0.000 
4494499722.038 70852836.190  0.000 -0.086  5.430  0.000 
4494492276.731 71322021.113  0.000 -0.086  5.430  0.000 
4494484782.285 71791205.260  0.000 -0.087  5.430  0.000 
4494477238.699 72260388.628  0.000 -0.088  5.430  0.000 
4494469645.974 72729571.209  0.000 -0.088  5.430  0.000 
4494462004.110 73198753.000  0.000 -0.089  5.430  0.000 
4494454313.106 73667933.995  0.000 -0.089  5.430  0.000 
4494446572.964 74137114.189  0.000 -0.090  5.430  0.000 
4494438783.682 74606293.577  0.000 -0.090  5.430  0.000 
4494430945.262 75075472.154  0.000 -0.091  5.430  0.000 
4494423057.702 75544649.915  0.000 -0.092  5.430  0.000 
4494415121.004 76013826.854  0.000 -0.092  5.430  0.000 
4494407135.167 76483002.967  0.000 -0.093  5.430  0.000 
4494399100.192 76952178.248  0.000 -0.093  5.430  0.000 
4494391016.078 77421352.693  0.000 -0.094  5.430  0.000 
4494382882.826 77890526.296  0.000 -0.094  5.430  0.000 
4494374700.436 78359699.053  0.000 -0.095  5.430  0.000 
4494366468.907 78828870.957  0.000 -0.096  5.430  0.000 
4494358188.240 79298042.004  0.000 -0.096  5.430  0.000 
4494349858.436 79767212.189  0.000 -0.097  5.430  0.000 
4494341479.493 80236381.507  0.000 -0.097  5.430  0.000 
4494333051.413 80705549.953  0.000 -0.098  5.430  0.000 
4494324574.195 81174717.521  0.000 -0.098  5.430  0.000 
4494316047.839 81643884.206  0.000 -0.099  5.430  0.000 
4494307472.346 82113050.004  0.000 -0.100  5.430  0.000 
4494298847.715 82582214.910  0.000 -0.100  5.430  0.000 
4494290173.947 83051378.917  0.000 -0.101  5.430  0.000 
4494281451.042 83520542.021  0.000 -0.101  5.430  0.000 
4494272679.000 83989704.218  0.000 -0.102  5.430  0.000 
4494263857.820 84458865.501  0.000 -0.102  5.430  0.000 
4494254987.504 84928025.866  0.000 -0.103  5.430  0.000 
4494246068.051 85397185.307  0.000 -0.104  5.430  0.000 
4494237099.462 85866343.820  0.000 -0.104  5.430  0.000 
4494228081.735 86335501.400  0.000 -0.105  5.430  0.000 
4494219014.873 86804658.041  0.000 -0.105  5.430  0.000 
4494209898.874 87273813.738  0.000 -0.106  5.430  0.000 
4494200733.738 87742968.486  0.000 -0.106  5.430  0.000 
4494191519.466 88212122.280  0.000 -0.107  5.430  0.000 
4494182256.059 88681275.116  0.000 -0.107  5.430  0.000 
4494172943.515 89150426.987  0.000 -0.108  5.430  0.000 
4494163581.836 89619577.888  0.000 -0.109  5.430  0.000 
4494154171.020 90088727.816  0.000 -0.109  5.430  0.000 
4494144711.070 90557876.763  0.000 -0.110  5.430  0.000 
4494135201.983 91027024.727  0.000 -0.110  5.430  0.000 
4494125643.761 91496171.700  0.000 -0.111  5.430  0.000 
4494116036.404 91965317.679  0.000 -0.111  5.430  0.000 
4494106379.912 92434462.658  0.000 -0.112  5.430  0.000 
4494096674.285 92903606.632  0.000 -0.113  5.430  0.000 
4494086919.522 93372749.596  0.000 -0.113  5.430  0.000 
4494077115.625 93841891.545  0.000 -0.114  5.430  0.000 
4494067262.593 94311032.473  0.000 -0.114  5.430  0.000 
4494057360.426 94780172.376  0.000 -0.115  5.430  0.000 
4494047409.125 95249311.249  0.000 -0.115  5.430  0.000 
4494037408.689 95718449.085  0.000 -0.116  5.430  0.000 
4494027359.120 96187585.882  0.000 -0.117  5.430  0.000 
4494017260.416 96656721.632  0.000 -0.117  5.430  0.000 
4494007112.577 97125856.331  0.000 -0.118  5.430  0.000 
4493996915.605 97594989.975  0.000 -0.118  5.430  0.000 
4493986669.500 98064122.557  0.000 -0.119  5.430  0.000 
4493976374.260 98533254.073  0.000 -0.119  5.430  0.000 
4493966029.887 99002384.518  0.000 -0.120  5.430  0.000 
4493955636.380 99471513.887  0.000 -0.121  5.430  0.000 
4493945193.740 99940642.174  0.000 -0.121  5.430  0.000 
4493934701.967 100409769.374  0.000 -0.122  5.430  0.000 
4493924161.061 100878895.482  0.000 -0.122  5.430  0.000 
4493913571.021 101348020.494  0.000 -0.123  5.430  0.000 
4493902931.849 101817144.404  0.000 -0.123  5.430  0.000 
4493892243.544 102286267.207  0.000 -0.124  5.430  0.000 
4493881506.107 102755388.897  0.000 -0.125  5.430  0.000 
4493870719.537 103224509.471  0.000 -0.125  5.430  0.000 
4493859883.834 103693628.922  0.000 -0.126  5.430  0.000 
4493848999.000 104162747.245  0.000 -0.126  5.430  0.000 
4493838065.033 104631864.437  0.000 -0.127  5.430  0.000 
4493827081.934 105100980.490  0.000 -0.127  5.430  0.000 
4493816049.704 105570095.401  0.000 -0.128  5.430  0.000 
4493804968.341 106039209.164  0.000 -0.129  5.430  0.000 
4493793837.847 106508321.774  0.000 -0.129  5.430  0.000 
4493782658.222 106977433.225  0.000 -0.130  5.430  0.000 
4493771429.465 107446543.514  0.000 -0.130  5.430  0.000 
4493760151.577 107915652.635  0.000 -0.131  5.429  0.000 
4493748824.558 108384760.582  0.000 -0.131  5.429  0.000 
4493737448.408 108853867.350  0.000 -0.132  5.429  0.000 
4493726023.127 109322972.935  0.000 -0.133  5.429  0.000 
4493714548.715 109792077.332  0.000 -0.133  5.429  0.000 
4493703025.173 110261180.535  0.000 -0.134  5.429  0.000 
4493691452.500 110730282.538  0.000 -0.134  5.429  0.000 
4493679830.697 111199383.338  0.000 -0.135  5.429  0.000 
4493668159.764 111668482.929  0.000 -0.135  5.429  0.000 
4493656439.701 112137581.306  0.000 -0.136  5.429  0.000 
4493644670.508 112606678.463  0.000 -0.137  5.429  0.000 
4493632852.185 113075774.396  0.000 -0.137  5.429  0.000 
4493620984.733 113544869.099  0.000 -0.138  5.429  0.000 
4493609068.151 114013962.568  0.000 -0.138  5.429  0.000 
4493597102.439 114483054.797  0.000 -0.139  5.429  0.000 
4493585087.599 114952145.782  0.000 -0.139  5.429  0.000 
4493573023.629 115421235.516  0.000 -0.140  5.429  0.000 
4493560910.530 115890323.996  0.000 -0.140  5.429  0.000 
4493548748.303 116359411.215  0.000 -0.141  5.429  0.000 
4493536536.947 116828497.170  0.000 -0.142  5.429  0.000 
4493524276.462 117297581.854  0.000 -0.142  5.429  0.000 
4493511966.849 117766665.262  0.000 -0.143  5.429  0.000 
4493499608.108 118235747.390  0.000 -0.143  5.429  0.000 
4493487200.239 118704828.233  0.000 -0.144  5.429  0.000 
4493474743.242 119173907.784  0.000 -0.144  5.429  0.000 
4493462237.117 119642986.040  0.000 -0.145  5.429  0.000 
4493449681.864 120112062.995  0.000 -0.146  5.429  0.000 
4493437077.484 120581138.644  0.000 -0.146  5.429  0.000 
4493424423.976 121050212.982  0.000 -0.147  5.429  0.000 
4493411721.341 121519286.004  0.000 -0.147  5.429  0.000 
4493398969.579 121988357.704  0.000 -0.148  5.429  0.000 
4493386168.690 122457428.078  0.000 -0.148  5.429  0.000 
4493373318.675 122926497.121  0.000 -0.149  5.429  0.000 
4493360419.532 123395564.827  0.000 -0.150  5.429  0.000 
4493347471.263 123864631.191  0.000 -0.150  5.429  0.000 
4493334473.868 124333696.208  0.000 -0.151  5.429  0.000 
4493321427.347 124802759.873  0.000 -0.151  5.429  0.000 
4493308331.699 125271822.181  0.000 -0.152  5.429  0.000 
4493295186.926 125740883.128  0.000 -0.152  5.429  0.000 
4493281993.027 126209942.706  0.000 -0.153  5.429  0.000 
4493268750.002 126679000.913  0.000 -0.154  5.429  0.000 
4493255457.852 127148057.742  0.000 -0.154  5.429  0.000 
4493242116.577 127617113.189  0.000 -0.155  5.429  0.000 
4493228726.176 128086167.248  0.000 -0.155  5.429  0.000 
4493215286.650 128555219.914  0.000 -0.156  5.429  0.000 
4493201798.000 129024271.182  0.000 -0.156  5.429  0.000 
4493188260.225 129493321.047  0.000 -0.157  5.429  0.000 
4493174673.325 129962369.505  0.000 -0.158  5.429  0.000 
4493161037.301 130431416.549  0.000 -0.158  5.429  0.000 
4493147352.153 130900462.175  0.000 -0.159  5.429  0.000 
4493133617.881 131369506.377  0.000 -0.159  5.429  0.000 
4493119834.485 131838549.151  0.000 -0.160  5.429  0.000 
4493106001.965 132307590.492  0.000 -0.160  5.429  0.000 
4493092120.322 132776630.393  0.000 -0.161  5.429  0.000 
4493078189.555 133245668.851  0.000 -0.162  5.429  0.000 
4493064209.665 133714705.860  0.000 -0.162  5.429  0.000 
4493050180.651 134183741.416  0.000 -0.163  5.429  0.000 
4493036102.515 134652775.512  0.000 -0.163  5.429  0.000 
4493021975.256 135121808.143  0.000 -0.164  5.429  0.000 
4493007798.875 135590839.306  0.000 -0.164  5.429  0.000 
4492993573.371 136059868.994  0.000 -0.165  5.429  0.000 
4492979298.745 136528897.203  0.000 -0.165  5.429  0.000 
4492964974.996 136997923.927  0.000 -0.166  5.429  0.000 
4492950602.126 137466949.161  0.000 -0.167  5.429  0.000 
4492936180.134 137935972.901  0.000 -0.167  5.429  0.000 
4492921709.020 138404995.140  0.000 -0.168  5.428  0.000 
4492907188.785 138874015.875  0.000 -0.168  5.428  0.000 
4492892619.428 139343035.100  0.000 -0.169  5.428  0.000 
4492878000.950 139812052.809  0.000 -0.169  5.428  0.000 
4492863333.352 140281068.998  0.000 -0.170  5.428  0.000 
4492848616.632 140750083.662  0.000 -0.171  5.428  0.000 
4492833850.792 141219096.795  0.000 -0.171  5.428  0.000 
4492819035.832 141688108.392  0.000 -0.172  5.428  0.000 
4492804171.751 142157118.449  0.000 -0.172  5.428  0.000 
4492789258.550 142626126.960  0.000 -0.173  5.428  0.000 
4492774296.229 143095133.920  0.000 -0.173  5.428  0.000 
4492759284.789 143564139.324  0.000 -0.174  5.428  0.000 
4492744224.228 144033143.167  0.000 -0.175  5.428  0.000 
4492729114.549 144502145.443  0.000 -0.175  5.428  0.000 
4492713955.750 144971146.148  0.000 -0.176  5.428  0.000 
4492698747.832 145440145.277  0.000 -0.176  5.428  0.000 
4492683490.795 145909142.824  0.000 -0.177  5.428  0.000 
4492668184.639 146378138.785  0.000 -0.177  5.428  0.000 
4492652829.365 146847133.154  0.000 -0.178  5.428  0.000 
4492637424.972 147316125.926  0.000 -0.179  5.428  0.000 
4492621971.462 147785117.096  0.000 -0.179  5.428  0.000 
4492606468.833 148254106.659  0.000 -0.180  5.428  0.000 
4492590917.086 148723094.610  0.000 -0.180  5.428  0.000 
4492575316.222 149192080.943  0.000 -0.181  5.428  0.000 
4492559666.240 149661065.654  0.000 -0.181  5.428  0.000 
4492543967.141 150130048.738  0.000 -0.182  5.428  0.000 
4492528218.924 150599030.189  0.000 -0.183  5.428  0.000 
4492512421.591 151068010.003  0.000 -0.183  5.428  0.000 
4492496575.141 151536988.173  0.000 -0.184  5.428  0.000 
4492480679.574 152005964.696  0.000 -0.184  5.428  0.000 
4492464734.891 152474939.566  0.000 -0.185  5.428  0.000 
4492448741.092 152943912.777  0.000 -0.185  5.428  0.000 
4492432698.177 153412884.326  0.000 -0.186  5.428  0.000 
4492416606.146 153881854.206  0.000 -0.187  5.428  0.000 
4492400464.999 154350822.413  0.000 -0.187  5.428  0.000 
4492384274.736 154819788.941  0.000 -0.188  5.428  0.000 
4492368035.359 155288753.786  0.000 -0.188  5.428  0.000 
4492351746.866 155757716.942  0.000 -0.189  5.428  0.000 
4492335409.258 156226678.404  0.000 -0.189  5.428  0.000 
4492319022.536 156695638.168  0.000 -0.190  5.428  0.000 
4492302586.699 157164596.227  0.000 -0.191  5.428  0.000 
4492286101.747 157633552.577  0.000 -0.191  5.428  0.000 
4492269567.681 158102507.213  0.000 -0.192  5.428  0.000 
4492252984.502 158571460.130  0.000 -0.192  5.428  0.000 
4492236352.208 159040411.322  0.000 -0.193  5.428  0.000 
4492219670.801 159509360.785  0.000 -0.193  5.428  0.000 
4492202940.281 159978308.513  0.000 -0.194  5.428  0.000 
4492186160.647 160447254.501  0.000 -0.194  5.428  0.000 
4492169331.900 160916198.745  0.000 -0.195  5.428  0.000 
4492152454.041 161385141.238  0.000 -0.196  5.428  0.000 
4492135527.068 161854081.977  0.000 -0.196  5.428  0.000 
4492118550.984 162323020.955  0.000 -0.197  5.428  0.000 
