x[km] y[km] z[km] vx[km] vy[km] vz[km]
5906379985.760 410223.623  0.000 -0.000  4.748  0.000 
5906379943.042 820447.244  0.000 -0.001  4.748  0.000 
5906379871.844 1230670.860  0.000 -0.001  4.748  0.000 
5906379772.167 1640894.471  0.000 -0.001  4.748  0.000 
5906379644.010 2051118.075  0.000 -0.002  4.748  0.000 
5906379487.375 2461341.668  0.000 -0.002  4.748  0.000 
5906379302.260 2871565.249  0.000 -0.002  4.748  0.000 
5906379088.666 3281788.817  0.000 -0.003  4.748  0.000 
5906378846.594 3692012.369  0.000 -0.003  4.748  0.000 
5906378576.041 4102235.904  0.000 -0.003  4.748  0.000 
5906378277.010 4512459.418  0.000 -0.004  4.748  0.000 
5906377949.500 4922682.911  0.000 -0.004  4.748  0.000 
5906377593.510 5332906.381  0.000 -0.004  4.748  0.000 
5906377209.041 5743129.825  0.000 -0.005  4.748  0.000 
5906376796.093 6153353.242  0.000 -0.005  4.748  0.000 
5906376354.666 6563576.629  0.000 -0.005  4.748  0.000 
5906375884.760 6973799.984  0.000 -0.006  4.748  0.000 
5906375386.375 7384023.306  0.000 -0.006  4.748  0.000 
5906374859.510 7794246.593  0.000 -0.006  4.748  0.000 
5906374304.166 8204469.843  0.000 -0.007  4.748  0.000 
5906373720.343 8614693.053  0.000 -0.007  4.748  0.000 
5906373108.041 9024916.222  0.000 -0.007  4.748  0.000 
5906372467.260 9435139.348  0.000 -0.008  4.748  0.000 
5906371798.000 9845362.428  0.000 -0.008  4.748  0.000 
5906371100.261 10255585.462  0.000 -0.008  4.748  0.000 
5906370374.042 10665808.446  0.000 -0.009  4.748  0.000 
5906369619.345 11076031.379  0.000 -0.009  4.748  0.000 
5906368836.168 11486254.259  0.000 -0.009  4.748  0.000 
5906368024.512 11896477.084  0.000 -0.010  4.748  0.000 
5906367184.377 12306699.853  0.000 -0.010  4.748  0.000 
5906366315.763 12716922.562  0.000 -0.010  4.748  0.000 
5906365418.670 13127145.210  0.000 -0.011  4.748  0.000 
5906364493.097 13537367.796  0.000 -0.011  4.748  0.000 
5906363539.046 13947590.316  0.000 -0.011  4.748  0.000 
5906362556.516 14357812.770  0.000 -0.012  4.748  0.000 
5906361545.506 14768035.155  0.000 -0.012  4.748  0.000 
5906360506.017 15178257.469  0.000 -0.012  4.748  0.000 
5906359438.050 15588479.711  0.000 -0.013  4.748  0.000 
5906358341.603 15998701.878  0.000 -0.013  4.748  0.000 
5906357216.677 16408923.969  0.000 -0.013  4.748  0.000 
5906356063.272 16819145.980  0.000 -0.014  4.748  0.000 
5906354881.388 17229367.912  0.000 -0.014  4.748  0.000 
5906353671.025 17639589.760  0.000 -0.014  4.748  0.000 
5906352432.183 18049811.525  0.000 -0.015  4.748  0.000 
5906351164.862 18460033.202  0.000 -0.015  4.748  0.000 
5906349869.062 18870254.792  0.000 -0.015  4.748  0.000 
5906348544.783 19280476.291  0.000 -0.015  4.748  0.000 
5906347192.025 19690697.698  0.000 -0.016  4.748  0.000 
5906345810.788 20100919.010  0.000 -0.016  4.748  0.000 
5906344401.072 20511140.226  0.000 -0.016  4.748  0.000 
5906342962.877 20921361.344  0.000 -0.017  4.748  0.000 
5906341496.203 21331582.362  0.000 -0.017  4.748  0.000 
5906340001.050 21741803.277  0.000 -0.017  4.748  0.000 
5906338477.418 22152024.089  0.000 -0.018  4.748  0.000 
5906336925.307 22562244.794  0.000 -0.018  4.748  0.000 
5906335344.717 22972465.392  0.000 -0.018  4.748  0.000 
5906333735.649 23382685.879  0.000 -0.019  4.748  0.000 
5906332098.101 23792906.254  0.000 -0.019  4.748  0.000 
5906330432.074 24203126.515  0.000 -0.019  4.748  0.000 
5906328737.569 24613346.661  0.000 -0.020  4.748  0.000 
5906327014.584 25023566.688  0.000 -0.020  4.748  0.000 
5906325263.121 25433786.596  0.000 -0.020  4.748  0.000 
5906323483.179 25844006.382  0.000 -0.021  4.748  0.000 
5906321674.757 26254226.044  0.000 -0.021  4.748  0.000 
5906319837.857 26664445.581  0.000 -0.021  4.748  0.000 
5906317972.479 27074664.989  0.000 -0.022  4.748  0.000 
5906316078.621 27484884.268  0.000 -0.022  4.748  0.000 
5906314156.284 27895103.416  0.000 -0.022  4.748  0.000 
5906312205.469 28305322.430  0.000 -0.023  4.748  0.000 
5906310226.175 28715541.308  0.000 -0.023  4.748  0.000 
5906308218.402 29125760.049  0.000 -0.023  4.748  0.000 
5906306182.150 29535978.650  0.000 -0.024  4.748  0.000 
5906304117.420 29946197.110  0.000 -0.024  4.748  0.000 
5906302024.210 30356415.426  0.000 -0.024  4.748  0.000 
5906299902.522 30766633.597  0.000 -0.025  4.748  0.000 
5906297752.355 31176851.621  0.000 -0.025  4.748  0.000 
5906295573.710 31587069.495  0.000 -0.025  4.748  0.000 
5906293366.585 31997287.218  0.000 -0.026  4.748  0.000 
5906291130.982 32407504.788  0.000 -0.026  4.748  0.000 
5906288866.901 32817722.203  0.000 -0.026  4.748  0.000 
5906286574.340 33227939.460  0.000 -0.027  4.748  0.000 
5906284253.301 33638156.558  0.000 -0.027  4.748  0.000 
5906281903.783 34048373.496  0.000 -0.027  4.748  0.000 
5906279525.787 34458590.270  0.000 -0.028  4.748  0.000 
5906277119.312 34868806.879  0.000 -0.028  4.748  0.000 
5906274684.358 35279023.321  0.000 -0.028  4.748  0.000 
5906272220.926 35689239.594  0.000 -0.029  4.748  0.000 
5906269729.015 36099455.697  0.000 -0.029  4.748  0.000 
5906267208.625 36509671.626  0.000 -0.029  4.748  0.000 
5906264659.757 36919887.380  0.000 -0.030  4.748  0.000 
5906262082.410 37330102.958  0.000 -0.030  4.748  0.000 
5906259476.585 37740318.357  0.000 -0.030  4.748  0.000 
5906256842.281 38150533.575  0.000 -0.031  4.748  0.000 
5906254179.499 38560748.611  0.000 -0.031  4.748  0.000 
5906251488.238 38970963.462  0.000 -0.031  4.748  0.000 
5906248768.499 39381178.126  0.000 -0.032  4.748  0.000 
5906246020.281 39791392.601  0.000 -0.032  4.748  0.000 
5906243243.585 40201606.886  0.000 -0.032  4.748  0.000 
5906240438.410 40611820.979  0.000 -0.033  4.748  0.000 
5906237604.757 41022034.877  0.000 -0.033  4.748  0.000 
5906234742.625 41432248.578  0.000 -0.033  4.748  0.000 
5906231852.015 41842462.081  0.000 -0.034  4.748  0.000 
5906228932.927 42252675.384  0.000 -0.034  4.748  0.000 
5906225985.360 42662888.484  0.000 -0.034  4.748  0.000 
5906223009.315 43073101.380  0.000 -0.035  4.748  0.000 
5906220004.792 43483314.070  0.000 -0.035  4.748  0.000 
5906216971.790 43893526.551  0.000 -0.035  4.748  0.000 
5906213910.310 44303738.823  0.000 -0.036  4.748  0.000 
5906210820.351 44713950.882  0.000 -0.036  4.748  0.000 
5906207701.915 45124162.727  0.000 -0.036  4.748  0.000 
5906204555.000 45534374.355  0.000 -0.037  4.748  0.000 
5906201379.606 45944585.766  0.000 -0.037  4.748  0.000 
5906198175.735 46354796.957  0.000 -0.037  4.748  0.000 
5906194943.385 46765007.926  0.000 -0.038  4.748  0.000 
5906191682.557 47175218.670  0.000 -0.038  4.748  0.000 
5906188393.251 47585429.189  0.000 -0.038  4.748  0.000 
5906185075.467 47995639.480  0.000 -0.039  4.748  0.000 
5906181729.205 48405849.541  0.000 -0.039  4.748  0.000 
5906178354.464 48816059.370  0.000 -0.039  4.748  0.000 
5906174951.245 49226268.966  0.000 -0.040  4.748  0.000 
5906171519.549 49636478.325  0.000 -0.040  4.748  0.000 
5906168059.374 50046687.447  0.000 -0.040  4.748  0.000 
5906164570.721 50456896.329  0.000 -0.041  4.748  0.000 
5906161053.590 50867104.970  0.000 -0.041  4.748  0.000 
5906157507.981 51277313.367  0.000 -0.041  4.748  0.000 
5906153933.894 51687521.518  0.000 -0.042  4.748  0.000 
5906150331.329 52097729.422  0.000 -0.042  4.748  0.000 
5906146700.286 52507937.077  0.000 -0.042  4.748  0.000 
5906143040.766 52918144.479  0.000 -0.043  4.748  0.000 
5906139352.767 53328351.629  0.000 -0.043  4.748  0.000 
5906135636.290 53738558.523  0.000 -0.043  4.748  0.000 
5906131891.336 54148765.160  0.000 -0.044  4.748  0.000 
5906128117.903 54558971.537  0.000 -0.044  4.748  0.000 
5906124315.993 54969177.653  0.000 -0.044  4.748  0.000 
5906120485.605 55379383.506  0.000 -0.044  4.748  0.000 
5906116626.739 55789589.093  0.000 -0.045  4.748  0.000 
5906112739.395 56199794.414  0.000 -0.045  4.748  0.000 
5906108823.574 56609999.465  0.000 -0.045  4.748  0.000 
5906104879.275 57020204.245  0.000 -0.046  4.748  0.000 
5906100906.498 57430408.752  0.000 -0.046  4.748  0.000 
5906096905.243 57840612.984  0.000 -0.046  4.748  0.000 
5906092875.511 58250816.939  0.000 -0.047  4.748  0.000 
5906088817.301 58661020.615  0.000 -0.047  4.748  0.000 
5906084730.613 59071224.010  0.000 -0.047  4.748  0.000 
5906080615.448 59481427.122  0.000 -0.048  4.748  0.000 
5906076471.805 59891629.949  0.000 -0.048  4.748  0.000 
5906072299.684 60301832.489  0.000 -0.048  4.748  0.000 
5906068099.086 60712034.741  0.000 -0.049  4.748  0.000 
5906063870.011 61122236.701  0.000 -0.049  4.748  0.000 
5906059612.458 61532438.369  0.000 -0.049  4.748  0.000 
5906055326.427 61942639.743  0.000 -0.050  4.748  0.000 
5906051011.919 62352840.819  0.000 -0.050  4.748  0.000 
5906046668.934 62763041.598  0.000 -0.050  4.748  0.000 
5906042297.471 63173242.075  0.000 -0.051  4.748  0.000 
5906037897.530 63583442.250  0.000 -0.051  4.748  0.000 
5906033469.113 63993642.120  0.000 -0.051  4.748  0.000 
5906029012.218 64403841.684  0.000 -0.052  4.748  0.000 
5906024526.845 64814040.940  0.000 -0.052  4.748  0.000 
5906020012.996 65224239.885  0.000 -0.052  4.748  0.000 
5906015470.669 65634438.517  0.000 -0.053  4.748  0.000 
5906010899.864 66044636.835  0.000 -0.053  4.748  0.000 
5906006300.583 66454834.837  0.000 -0.053  4.748  0.000 
5906001672.824 66865032.521  0.000 -0.054  4.748  0.000 
5905997016.588 67275229.885  0.000 -0.054  4.748  0.000 
5905992331.875 67685426.926  0.000 -0.054  4.748  0.000 
5905987618.685 68095623.643  0.000 -0.055  4.748  0.000 
5905982877.018 68505820.034  0.000 -0.055  4.748  0.000 
5905978106.874 68916016.097  0.000 -0.055  4.748  0.000 
5905973308.252 69326211.829  0.000 -0.056  4.748  0.000 
5905968481.154 69736407.230  0.000 -0.056  4.748  0.000 
5905963625.578 70146602.297  0.000 -0.056  4.748  0.000 
5905958741.526 70556797.028  0.000 -0.057  4.748  0.000 
5905953828.997 70966991.420  0.000 -0.057  4.748  0.000 
5905948887.990 71377185.473  0.000 -0.057  4.748  0.000 
5905943918.507 71787379.184  0.000 -0.058  4.748  0.000 
5905938920.547 72197572.552  0.000 -0.058  4.748  0.000 
5905933894.110 72607765.573  0.000 -0.058  4.748  0.000 
5905928839.196 73017958.247  0.000 -0.059  4.748  0.000 
5905923755.805 73428150.571  0.000 -0.059  4.748  0.000 
5905918643.938 73838342.543  0.000 -0.059  4.748  0.000 
5905913503.594 74248534.162  0.000 -0.060  4.748  0.000 
5905908334.773 74658725.425  0.000 -0.060  4.748  0.000 
5905903137.475 75068916.331  0.000 -0.060  4.748  0.000 
5905897911.701 75479106.877  0.000 -0.061  4.748  0.000 
5905892657.450 75889297.061  0.000 -0.061  4.748  0.000 
5905887374.723 76299486.882  0.000 -0.061  4.748  0.000 
5905882063.518 76709676.338  0.000 -0.062  4.748  0.000 
5905876723.838 77119865.426  0.000 -0.062  4.748  0.000 
5905871355.681 77530054.145  0.000 -0.062  4.748  0.000 
5905865959.047 77940242.492  0.000 -0.063  4.748  0.000 
5905860533.937 78350430.466  0.000 -0.063  4.748  0.000 
5905855080.350 78760618.065  0.000 -0.063  4.748  0.000 
5905849598.287 79170805.287  0.000 -0.064  4.748  0.000 
5905844087.747 79580992.129  0.000 -0.064  4.748  0.000 
5905838548.732 79991178.591  0.000 -0.064  4.748  0.000 
5905832981.239 80401364.669  0.000 -0.065  4.748  0.000 
5905827385.271 80811550.362  0.000 -0.065  4.748  0.000 
5905821760.826 81221735.668  0.000 -0.065  4.748  0.000 
5905816107.905 81631920.585  0.000 -0.066  4.748  0.000 
5905810426.508 82042105.112  0.000 -0.066  4.748  0.000 
5905804716.635 82452289.245  0.000 -0.066  4.747  0.000 
5905798978.285 82862472.983  0.000 -0.067  4.747  0.000 
5905793211.460 83272656.324  0.000 -0.067  4.747  0.000 
5905787416.158 83682839.267  0.000 -0.067  4.747  0.000 
5905781592.380 84093021.809  0.000 -0.068  4.747  0.000 
5905775740.126 84503203.948  0.000 -0.068  4.747  0.000 
5905769859.396 84913385.682  0.000 -0.068  4.747  0.000 
5905763950.190 85323567.009  0.000 -0.069  4.747  0.000 
5905758012.509 85733747.928  0.000 -0.069  4.747  0.000 
5905752046.351 86143928.437  0.000 -0.069  4.747  0.000 
5905746051.717 86554108.532  0.000 -0.070  4.747  0.000 
5905740028.608 86964288.213  0.000 -0.070  4.747  0.000 
5905733977.023 87374467.478  0.000 -0.070  4.747  0.000 
5905727896.962 87784646.324  0.000 -0.071  4.747  0.000 
5905721788.425 88194824.750  0.000 -0.071  4.747  0.000 
5905715651.412 88605002.753  0.000 -0.071  4.747  0.000 
5905709485.924 89015180.332  0.000 -0.072  4.747  0.000 
5905703291.960 89425357.484  0.000 -0.072  4.747  0.000 
5905697069.521 89835534.209  0.000 -0.072  4.747  0.000 
5905690818.606 90245710.502  0.000 -0.073  4.747  0.000 
5905684539.215 90655886.364  0.000 -0.073  4.747  0.000 
5905678231.349 91066061.792  0.000 -0.073  4.747  0.000 
5905671895.007 91476236.783  0.000 -0.074  4.747  0.000 
5905665530.190 91886411.336  0.000 -0.074  4.747  0.000 
5905659136.898 92296585.449  0.000 -0.074  4.747  0.000 
5905652715.130 92706759.120  0.000 -0.074  4.747  0.000 
5905646264.886 93116932.347  0.000 -0.075  4.747  0.000 
5905639786.168 93527105.128  0.000 -0.075  4.747  0.000 
5905633278.974 93937277.461  0.000 -0.075  4.747  0.000 
5905626743.305 94347449.344  0.000 -0.076  4.747  0.000 
5905620179.160 94757620.775  0.000 -0.076  4.747  0.000 
5905613586.541 95167791.752  0.000 -0.076  4.747  0.000 
5905606965.446 95577962.274  0.000 -0.077  4.747  0.000 
5905600315.876 95988132.338  0.000 -0.077  4.747  0.000 
5905593637.831 96398301.942  0.000 -0.077  4.747  0.000 
5905586931.311 96808471.084  0.000 -0.078  4.747  0.000 
5905580196.316 97218639.762  0.000 -0.078  4.747  0.000 
5905573432.846 97628807.975  0.000 -0.078  4.747  0.000 
5905566640.901 98038975.721  0.000 -0.079  4.747  0.000 
5905559820.481 98449142.996  0.000 -0.079  4.747  0.000 
5905552971.586 98859309.800  0.000 -0.079  4.747  0.000 
5905546094.216 99269476.131  0.000 -0.080  4.747  0.000 
5905539188.372 99679641.986  0.000 -0.080  4.747  0.000 
5905532254.053 100089807.364  0.000 -0.080  4.747  0.000 
5905525291.259 100499972.262  0.000 -0.081  4.747  0.000 
5905518299.990 100910136.679  0.000 -0.081  4.747  0.000 
5905511280.247 101320300.613  0.000 -0.081  4.747  0.000 
5905504232.029 101730464.061  0.000 -0.082  4.747  0.000 
5905497155.337 102140627.022  0.000 -0.082  4.747  0.000 
5905490050.170 102550789.494  0.000 -0.082  4.747  0.000 
5905482916.528 102960951.475  0.000 -0.083  4.747  0.000 
5905475754.412 103371112.962  0.000 -0.083  4.747  0.000 
5905468563.821 103781273.955  0.000 -0.083  4.747  0.000 
5905461344.757 104191434.450  0.000 -0.084  4.747  0.000 
5905454097.217 104601594.446  0.000 -0.084  4.747  0.000 
5905446821.204 105011753.941  0.000 -0.084  4.747  0.000 
5905439516.716 105421912.934  0.000 -0.085  4.747  0.000 
5905432183.754 105832071.421  0.000 -0.085  4.747  0.000 
5905424822.317 106242229.401  0.000 -0.085  4.747  0.000 
5905417432.407 106652386.873  0.000 -0.086  4.747  0.000 
5905410014.022 107062543.833  0.000 -0.086  4.747  0.000 
5905402567.164 107472700.281  0.000 -0.086  4.747  0.000 
5905395091.831 107882856.214  0.000 -0.087  4.747  0.000 
5905387588.024 108293011.630  0.000 -0.087  4.747  0.000 
5905380055.743 108703166.528  0.000 -0.087  4.747  0.000 
5905372494.988 109113320.905  0.000 -0.088  4.747  0.000 
5905364905.760 109523474.759  0.000 -0.088  4.747  0.000 
5905357288.057 109933628.089  0.000 -0.088  4.747  0.000 
5905349641.881 110343780.892  0.000 -0.089  4.747  0.000 
5905341967.231 110753933.166  0.000 -0.089  4.747  0.000 
5905334264.107 111164084.910  0.000 -0.089  4.747  0.000 
5905326532.510 111574236.122  0.000 -0.090  4.747  0.000 
5905318772.438 111984386.799  0.000 -0.090  4.747  0.000 
5905310983.894 112394536.940  0.000 -0.090  4.747  0.000 
5905303166.875 112804686.542  0.000 -0.091  4.747  0.000 
5905295321.383 113214835.605  0.000 -0.091  4.747  0.000 
5905287447.418 113624984.124  0.000 -0.091  4.747  0.000 
5905279544.979 114035132.100  0.000 -0.092  4.747  0.000 
5905271614.067 114445279.529  0.000 -0.092  4.747  0.000 
5905263654.681 114855426.410  0.000 -0.092  4.747  0.000 
5905255666.822 115265572.741  0.000 -0.093  4.747  0.000 
5905247650.490 115675718.520  0.000 -0.093  4.747  0.000 
5905239605.684 116085863.745  0.000 -0.093  4.747  0.000 
5905231532.405 116496008.414  0.000 -0.094  4.747  0.000 
5905223430.653 116906152.525  0.000 -0.094  4.747  0.000 
5905215300.428 117316296.075  0.000 -0.094  4.747  0.000 
5905207141.730 117726439.064  0.000 -0.095  4.747  0.000 
5905198954.559 118136581.489  0.000 -0.095  4.747  0.000 
5905190738.915 118546723.348  0.000 -0.095  4.747  0.000 
5905182494.797 118956864.639  0.000 -0.096  4.747  0.000 
5905174222.207 119367005.361  0.000 -0.096  4.747  0.000 
5905165921.144 119777145.510  0.000 -0.096  4.747  0.000 
5905157591.609 120187285.086  0.000 -0.097  4.747  0.000 
5905149233.600 120597424.087  0.000 -0.097  4.747  0.000 
5905140847.119 121007562.509  0.000 -0.097  4.747  0.000 
5905132432.165 121417700.352  0.000 -0.098  4.747  0.000 
5905123988.738 121827837.613  0.000 -0.098  4.747  0.000 
5905115516.839 122237974.291  0.000 -0.098  4.747  0.000 
5905107016.467 122648110.383  0.000 -0.099  4.747  0.000 
5905098487.623 123058245.888  0.000 -0.099  4.747  0.000 
5905089930.306 123468380.803  0.000 -0.099  4.747  0.000 
5905081344.517 123878515.127  0.000 -0.100  4.747  0.000 
5905072730.255 124288648.858  0.000 -0.100  4.747  0.000 
5905064087.521 124698781.993  0.000 -0.100  4.747  0.000 
5905055416.315 125108914.531  0.000 -0.101  4.747  0.000 
5905046716.636 125519046.469  0.000 -0.101  4.747  0.000 
5905037988.486 125929177.807  0.000 -0.101  4.747  0.000 
5905029231.863 126339308.541  0.000 -0.102  4.747  0.000 
5905020446.768 126749438.670  0.000 -0.102  4.747  0.000 
5905011633.201 127159568.191  0.000 -0.102  4.747  0.000 
5905002791.162 127569697.104  0.000 -0.103  4.747  0.000 
5904993920.650 127979825.406  0.000 -0.103  4.747  0.000 
5904985021.667 128389953.094  0.000 -0.103  4.747  0.000 
5904976094.213 128800080.168  0.000 -0.103  4.747  0.000 
5904967138.286 129210206.624  0.000 -0.104  4.747  0.000 
5904958153.887 129620332.462  0.000 -0.104  4.747  0.000 
5904949141.017 130030457.679  0.000 -0.104  4.747  0.000 
5904940099.675 130440582.272  0.000 -0.105  4.747  0.000 
5904931029.861 130850706.241  0.000 -0.105  4.747  0.000 
5904921931.576 131260829.584  0.000 -0.105  4.747  0.000 
5904912804.819 131670952.297  0.000 -0.106  4.747  0.000 
5904903649.591 132081074.380  0.000 -0.106  4.747  0.000 
5904894465.891 132491195.830  0.000 -0.106  4.747  0.000 
5904885253.720 132901316.645  0.000 -0.107  4.747  0.000 
5904876013.077 133311436.824  0.000 -0.107  4.747  0.000 
5904866743.963 133721556.364  0.000 -0.107  4.747  0.000 
5904857446.378 134131675.264  0.000 -0.108  4.747  0.000 
5904848120.322 134541793.521  0.000 -0.108  4.747  0.000 
5904838765.794 134951911.133  0.000 -0.108  4.747  0.000 
5904829382.796 135362028.100  0.000 -0.109  4.747  0.000 
5904819971.326 135772144.417  0.000 -0.109  4.747  0.000 
5904810531.385 136182260.085  0.000 -0.109  4.747  0.000 
5904801062.973 136592375.100  0.000 -0.110  4.747  0.000 
5904791566.090 137002489.460  0.000 -0.110  4.747  0.000 
5904782040.737 137412603.165  0.000 -0.110  4.747  0.000 
5904772486.912 137822716.211  0.000 -0.111  4.747  0.000 
5904762904.617 138232828.597  0.000 -0.111  4.747  0.000 
5904753293.851 138642940.321  0.000 -0.111  4.747  0.000 
5904743654.614 139053051.380  0.000 -0.112  4.747  0.000 
5904733986.907 139463161.774  0.000 -0.112  4.747  0.000 
5904724290.729 139873271.499  0.000 -0.112  4.747  0.000 
5904714566.081 140283380.555  0.000 -0.113  4.747  0.000 
5904704812.962 140693488.938  0.000 -0.113  4.747  0.000 
5904695031.372 141103596.648  0.000 -0.113  4.747  0.000 
5904685221.313 141513703.681  0.000 -0.114  4.747  0.000 
5904675382.783 141923810.037  0.000 -0.114  4.747  0.000 
