x[km] y[km] z[km] vx[km] vy[km] vz[km]
1433529757.866 837154.983  0.000 -0.006  9.689  0.000 
1433529031.462 1674309.685  0.000 -0.011  9.689  0.000 
1433527820.791 2511463.826  0.000 -0.017  9.689  0.000 
1433526125.851 3348617.125  0.000 -0.022  9.689  0.000 
1433523946.643 4185769.303  0.000 -0.028  9.689  0.000 
1433521283.169 5022920.077  0.000 -0.034  9.689  0.000 
1433518135.429 5860069.169  0.000 -0.039  9.689  0.000 
1433514503.425 6697216.296  0.000 -0.045  9.689  0.000 
1433510387.157 7534361.179  0.000 -0.050  9.689  0.000 
1433505786.628 8371503.537  0.000 -0.056  9.689  0.000 
1433500701.838 9208643.090  0.000 -0.062  9.689  0.000 
1433495132.790 10045779.557  0.000 -0.067  9.689  0.000 
1433489079.486 10882912.657  0.000 -0.073  9.689  0.000 
1433482541.928 11720042.110  0.000 -0.078  9.689  0.000 
1433475520.118 12557167.636  0.000 -0.084  9.689  0.000 
1433468014.059 13394288.953  0.000 -0.090  9.689  0.000 
1433460023.754 14231405.782  0.000 -0.095  9.689  0.000 
1433451549.205 15068517.841  0.000 -0.101  9.689  0.000 
1433442590.415 15905624.851  0.000 -0.106  9.689  0.000 
1433433147.389 16742726.530  0.000 -0.112  9.689  0.000 
1433423220.128 17579822.598  0.000 -0.118  9.689  0.000 
1433412808.637 18416912.776  0.000 -0.123  9.689  0.000 
1433401912.920 19253996.781  0.000 -0.129  9.688  0.000 
1433390532.981 20091074.334  0.000 -0.135  9.688  0.000 
1433378668.823 20928145.154  0.000 -0.140  9.688  0.000 
1433366320.451 21765208.960  0.000 -0.146  9.688  0.000 
1433353487.869 22602265.473  0.000 -0.151  9.688  0.000 
1433340171.083 23439314.410  0.000 -0.157  9.688  0.000 
1433326370.096 24276355.493  0.000 -0.163  9.688  0.000 
1433312084.914 25113388.441  0.000 -0.168  9.688  0.000 
1433297315.543 25950412.972  0.000 -0.174  9.688  0.000 
1433282061.987 26787428.807  0.000 -0.179  9.688  0.000 
1433266324.251 27624435.664  0.000 -0.185  9.688  0.000 
1433250102.343 28461433.264  0.000 -0.191  9.687  0.000 
1433233396.266 29298421.326  0.000 -0.196  9.687  0.000 
1433216206.029 30135399.569  0.000 -0.202  9.687  0.000 
1433198531.636 30972367.714  0.000 -0.207  9.687  0.000 
1433180373.094 31809325.478  0.000 -0.213  9.687  0.000 
1433161730.411 32646272.583  0.000 -0.219  9.687  0.000 
1433142603.591 33483208.747  0.000 -0.224  9.687  0.000 
1433122992.643 34320133.689  0.000 -0.230  9.687  0.000 
1433102897.574 35157047.131  0.000 -0.235  9.686  0.000 
1433082318.390 35993948.790  0.000 -0.241  9.686  0.000 
1433061255.100 36830838.387  0.000 -0.247  9.686  0.000 
1433039707.711 37667715.640  0.000 -0.252  9.686  0.000 
1433017676.230 38504580.270  0.000 -0.258  9.686  0.000 
1432995160.666 39341431.997  0.000 -0.263  9.686  0.000 
1432972161.027 40178270.539  0.000 -0.269  9.686  0.000 
1432948677.321 41015095.616  0.000 -0.275  9.685  0.000 
1432924709.557 41851906.947  0.000 -0.280  9.685  0.000 
1432900257.743 42688704.253  0.000 -0.286  9.685  0.000 
1432875321.889 43525487.253  0.000 -0.291  9.685  0.000 
1432849902.002 44362255.666  0.000 -0.297  9.685  0.000 
1432823998.093 45199009.211  0.000 -0.303  9.685  0.000 
1432797610.171 46035747.610  0.000 -0.308  9.684  0.000 
1432770738.245 46872470.580  0.000 -0.314  9.684  0.000 
1432743382.325 47709177.842  0.000 -0.319  9.684  0.000 
1432715542.421 48545869.115  0.000 -0.325  9.684  0.000 
1432687218.544 49382544.118  0.000 -0.331  9.684  0.000 
1432658410.702 50219202.572  0.000 -0.336  9.683  0.000 
1432629118.907 51055844.196  0.000 -0.342  9.683  0.000 
1432599343.170 51892468.709  0.000 -0.347  9.683  0.000 
1432569083.501 52729075.832  0.000 -0.353  9.683  0.000 
1432538339.911 53565665.283  0.000 -0.359  9.683  0.000 
1432507112.411 54402236.782  0.000 -0.364  9.682  0.000 
1432475401.012 55238790.049  0.000 -0.370  9.682  0.000 
1432443205.727 56075324.804  0.000 -0.375  9.682  0.000 
1432410526.566 56911840.765  0.000 -0.381  9.682  0.000 
1432377363.541 57748337.654  0.000 -0.387  9.682  0.000 
1432343716.665 58584815.189  0.000 -0.392  9.681  0.000 
1432309585.950 59421273.090  0.000 -0.398  9.681  0.000 
1432274971.407 60257711.076  0.000 -0.403  9.681  0.000 
1432239873.050 61094128.868  0.000 -0.409  9.681  0.000 
1432204290.892 61930526.185  0.000 -0.415  9.680  0.000 
1432168224.944 62766902.746  0.000 -0.420  9.680  0.000 
1432131675.220 63603258.272  0.000 -0.426  9.680  0.000 
1432094641.734 64439592.481  0.000 -0.431  9.680  0.000 
1432057124.498 65275905.094  0.000 -0.437  9.679  0.000 
1432019123.527 66112195.831  0.000 -0.443  9.679  0.000 
1431980638.834 66948464.410  0.000 -0.448  9.679  0.000 
1431941670.432 67784710.552  0.000 -0.454  9.679  0.000 
1431902218.337 68620933.977  0.000 -0.459  9.678  0.000 
1431862282.562 69457134.403  0.000 -0.465  9.678  0.000 
1431821863.122 70293311.552  0.000 -0.471  9.678  0.000 
1431780960.031 71129465.141  0.000 -0.476  9.678  0.000 
1431739573.304 71965594.892  0.000 -0.482  9.677  0.000 
1431697702.957 72801700.525  0.000 -0.487  9.677  0.000 
