x[km] y[km] z[km] vx[km] vy[km] vz[km]
2872459939.799 588168.916  0.000 -0.001  6.808  0.000 
2872459759.194 1176337.808  0.000 -0.003  6.808  0.000 
2872459458.187 1764506.651  0.000 -0.004  6.808  0.000 
2872459036.777 2352675.421  0.000 -0.006  6.808  0.000 
2872458494.964 2940844.092  0.000 -0.007  6.808  0.000 
2872457832.748 3529012.641  0.000 -0.008  6.808  0.000 
2872457050.129 4117181.042  0.000 -0.010  6.808  0.000 
2872456147.107 4705349.273  0.000 -0.011  6.808  0.000 
2872455123.683 5293517.307  0.000 -0.013  6.807  0.000 
2872453979.856 5881685.120  0.000 -0.014  6.807  0.000 
2872452715.626 6469852.689  0.000 -0.015  6.807  0.000 
2872451330.994 7058019.988  0.000 -0.017  6.807  0.000 
2872449825.959 7646186.993  0.000 -0.018  6.807  0.000 
2872448200.522 8234353.679  0.000 -0.020  6.807  0.000 
2872446454.682 8822520.022  0.000 -0.021  6.807  0.000 
2872444588.440 9410685.998  0.000 -0.022  6.807  0.000 
2872442601.795 9998851.581  0.000 -0.024  6.807  0.000 
2872440494.749 10587016.748  0.000 -0.025  6.807  0.000 
2872438267.300 11175181.474  0.000 -0.026  6.807  0.000 
2872435919.450 11763345.734  0.000 -0.028  6.807  0.000 
2872433451.197 12351509.504  0.000 -0.029  6.807  0.000 
2872430862.543 12939672.759  0.000 -0.031  6.807  0.000 
2872428153.488 13527835.475  0.000 -0.032  6.807  0.000 
2872425324.030 14115997.628  0.000 -0.033  6.807  0.000 
2872422374.172 14704159.192  0.000 -0.035  6.807  0.000 
2872419303.912 15292320.144  0.000 -0.036  6.807  0.000 
2872416113.251 15880480.458  0.000 -0.038  6.807  0.000 
2872412802.189 16468640.111  0.000 -0.039  6.807  0.000 
2872409370.726 17056799.078  0.000 -0.040  6.807  0.000 
2872405818.862 17644957.334  0.000 -0.042  6.807  0.000 
2872402146.598 18233114.854  0.000 -0.043  6.807  0.000 
2872398353.934 18821271.615  0.000 -0.045  6.807  0.000 
2872394440.869 19409427.592  0.000 -0.046  6.807  0.000 
2872390407.404 19997582.760  0.000 -0.047  6.807  0.000 
2872386253.540 20585737.095  0.000 -0.049  6.807  0.000 
2872381979.275 21173890.572  0.000 -0.050  6.807  0.000 
2872377584.612 21762043.167  0.000 -0.052  6.807  0.000 
2872373069.549 22350194.855  0.000 -0.053  6.807  0.000 
2872368434.087 22938345.611  0.000 -0.054  6.807  0.000 
2872363678.226 23526495.413  0.000 -0.056  6.807  0.000 
2872358801.966 24114644.233  0.000 -0.057  6.807  0.000 
2872353805.308 24702792.049  0.000 -0.059  6.807  0.000 
2872348688.252 25290938.836  0.000 -0.060  6.807  0.000 
2872343450.798 25879084.569  0.000 -0.061  6.807  0.000 
2872338092.946 26467229.223  0.000 -0.063  6.807  0.000 
2872332614.696 27055372.775  0.000 -0.064  6.807  0.000 
2872327016.050 27643515.200  0.000 -0.065  6.807  0.000 
2872321297.006 28231656.472  0.000 -0.067  6.807  0.000 
2872315457.565 28819796.568  0.000 -0.068  6.807  0.000 
2872309497.728 29407935.464  0.000 -0.070  6.807  0.000 
2872303417.494 29996073.134  0.000 -0.071  6.807  0.000 
2872297216.865 30584209.554  0.000 -0.072  6.807  0.000 
2872290895.840 31172344.700  0.000 -0.074  6.807  0.000 
2872284454.419 31760478.547  0.000 -0.075  6.807  0.000 
2872277892.604 32348611.071  0.000 -0.077  6.807  0.000 
2872271210.393 32936742.247  0.000 -0.078  6.807  0.000 
2872264407.788 33524872.050  0.000 -0.079  6.807  0.000 
2872257484.788 34113000.457  0.000 -0.081  6.807  0.000 
2872250441.395 34701127.442  0.000 -0.082  6.807  0.000 
2872243277.608 35289252.981  0.000 -0.084  6.807  0.000 
2872235993.427 35877377.050  0.000 -0.085  6.807  0.000 
2872228588.854 36465499.624  0.000 -0.086  6.807  0.000 
2872221063.888 37053620.678  0.000 -0.088  6.807  0.000 
2872213418.529 37641740.189  0.000 -0.089  6.807  0.000 
2872205652.779 38229858.131  0.000 -0.091  6.807  0.000 
2872197766.637 38817974.480  0.000 -0.092  6.807  0.000 
2872189760.103 39406089.212  0.000 -0.093  6.807  0.000 
2872181633.179 39994202.301  0.000 -0.095  6.807  0.000 
2872173385.864 40582313.725  0.000 -0.096  6.807  0.000 
2872165018.159 41170423.457  0.000 -0.098  6.807  0.000 
2872156530.063 41758531.474  0.000 -0.099  6.807  0.000 
2872147921.579 42346637.751  0.000 -0.100  6.807  0.000 
2872139192.705 42934742.263  0.000 -0.102  6.807  0.000 
2872130343.442 43522844.987  0.000 -0.103  6.807  0.000 
2872121373.792 44110945.896  0.000 -0.105  6.807  0.000 
2872112283.753 44699044.968  0.000 -0.106  6.807  0.000 
2872103073.326 45287142.178  0.000 -0.107  6.807  0.000 
2872093742.513 45875237.500  0.000 -0.109  6.807  0.000 
2872084291.313 46463330.911  0.000 -0.110  6.807  0.000 
2872074719.726 47051422.386  0.000 -0.111  6.807  0.000 
2872065027.754 47639511.900  0.000 -0.113  6.807  0.000 
2872055215.396 48227599.429  0.000 -0.114  6.807  0.000 
2872045282.653 48815684.949  0.000 -0.116  6.807  0.000 
2872035229.526 49403768.434  0.000 -0.117  6.807  0.000 
2872025056.014 49991849.862  0.000 -0.118  6.806  0.000 
2872014762.119 50579929.205  0.000 -0.120  6.806  0.000 
2872004347.841 51168006.442  0.000 -0.121  6.806  0.000 
