x[km] y[km] z[km] vx[km] vy[km] vz[km]
108167697.572 3025814.225  0.000 -0.979 35.007  0.000 
108040823.384 6049262.624  0.000 -1.957 34.966  0.000 
107829476.702 9067981.229  0.000 -2.934 34.898  0.000 
107533822.883 12079609.774  0.000 -3.908 34.802  0.000 
107154093.244 15081793.551  0.000 -4.880 34.679  0.000 
106690584.881 18072185.255  0.000 -5.847 34.529  0.000 
106143660.435 21048446.819  0.000 -6.810 34.352  0.000 
105513747.811 24008251.251  0.000 -7.768 34.148  0.000 
104801339.835 26949284.454  0.000 -8.720 33.918  0.000 
104006993.873 29869247.041  0.000 -9.664 33.661  0.000 
103131331.390 32765856.133  0.000 -10.602 33.377  0.000 
102175037.465 35636847.151  0.000 -11.531 33.068  0.000 
101138860.249 38479975.587  0.000 -12.450 32.732  0.000 
100023610.379 41293018.763  0.000 -13.361 32.372  0.000 
98830160.344 44073777.573  0.000 -14.260 31.985  0.000 
97559443.794 46820078.199  0.000 -15.149 31.574  0.000 
96212454.814 49529773.821  0.000 -16.025 31.138  0.000 
94790247.136 52200746.291  0.000 -16.890 30.678  0.000 
93293933.319 54830907.793  0.000 -17.741 30.194  0.000 
91724683.868 57418202.478  0.000 -18.578 29.686  0.000 
90083726.322 59960608.071  0.000 -19.400 29.155  0.000 
88372344.283 62456137.452  0.000 -20.207 28.601  0.000 
86591876.416 64902840.215  0.000 -20.999 28.025  0.000 
84743715.392 67298804.189  0.000 -21.774 27.427  0.000 
82829306.799 69642156.934  0.000 -22.532 26.807  0.000 
80850148.005 71931067.207  0.000 -23.273 26.167  0.000 
78807786.985 74163746.390  0.000 -23.995 25.506  0.000 
76703821.103 76338449.891  0.000 -24.698 24.825  0.000 
74539895.865 78453478.507  0.000 -25.383 24.125  0.000 
72317703.622 80507179.748  0.000 -26.047 23.406  0.000 
70038982.246 82497949.133  0.000 -26.691 22.668  0.000 
67705513.767 84424231.439  0.000 -27.314 21.913  0.000 
65319122.973 86284521.915  0.000 -27.916 21.141  0.000 
62881675.983 88077367.460  0.000 -28.496 20.352  0.000 
60395078.783 89801367.751  0.000 -29.053 19.548  0.000 
57861275.730 91455176.342  0.000 -29.588 18.728  0.000 
55282248.032 93037501.709  0.000 -30.100 17.893  0.000 
52660012.191 94547108.259  0.000 -30.588 17.045  0.000 
49996618.426 95982817.291  0.000 -31.052 16.183  0.000 
47294149.069 97343507.919  0.000 -31.492 15.308  0.000 
44554716.928 98628117.936  0.000 -31.908 14.422  0.000 
41780463.639 99835644.652  0.000 -32.298 13.524  0.000 
38973557.983 100965145.662  0.000 -32.664 12.616  0.000 
36136194.193 102015739.590  0.000 -33.003 11.698  0.000 
33270590.235 102986606.766  0.000 -33.317 10.771  0.000 
30378986.070 103876989.865  0.000 -33.605  9.836  0.000 
27463641.902 104686194.496  0.000 -33.867  8.892  0.000 
24526836.413 105413589.739  0.000 -34.102  7.942  0.000 
21570864.975 106058608.634  0.000 -34.310  6.986  0.000 
18598037.858 106620748.617  0.000 -34.492  6.024  0.000 
15610678.422 107099571.915  0.000 -34.647  5.058  0.000 
12611121.301 107494705.873  0.000 -34.774  4.087  0.000 
9601710.576 107805843.253  0.000 -34.875  3.114  0.000 
6584797.946 108032742.456  0.000 -34.948  2.138  0.000 
3562740.884 108175227.719  0.000 -34.994  1.160  0.000 
537900.803 108233189.236  0.000 -35.012  0.181  0.000 
-2487358.799 108206583.246  0.000 -35.003 -0.797  0.000 
-5510674.176 108095432.063  0.000 -34.967 -1.775  0.000 
-8529683.188 107899824.048  0.000 -34.904 -2.752  0.000 
-11542027.141 107619913.540  0.000 -34.813 -3.726  0.000 
-14545352.631 107255920.728  0.000 -34.695 -4.698  0.000 
-17537313.381 106808131.480  0.000 -34.550 -5.666  0.000 
-20515572.075 106276897.105  0.000 -34.378 -6.629  0.000 
-23477802.178 105662634.084  0.000 -34.179 -7.587  0.000 
-26421689.756 104965823.734  0.000 -33.953 -8.539  0.000 
-29344935.278 104187011.832  0.000 -33.701 -9.485  0.000 
-32245255.415 103326808.181  0.000 -33.423 -10.423  0.000 
-35120384.816 102385886.131  0.000 -33.118 -11.353  0.000 
-37968077.880 101364982.050  0.000 -32.788 -12.274  0.000 
-40786110.502 100264894.745  0.000 -32.432 -13.186  0.000 
-43572281.814 99086484.832  0.000 -32.050 -14.087  0.000 
-46324415.897 97830674.064  0.000 -31.644 -14.977  0.000 
-49040363.476 96498444.605  0.000 -31.213 -15.856  0.000 
-51718003.601 95090838.261  0.000 -30.757 -16.722  0.000 
-54355245.294 93608955.666  0.000 -30.278 -17.575  0.000 
-56950029.182 92053955.412  0.000 -29.775 -18.414  0.000 
-59500329.105 90427053.153  0.000 -29.248 -19.239  0.000 
-62004153.686 88729520.643  0.000 -28.699 -20.048  0.000 
-64459547.891 86962684.746  0.000 -28.128 -20.843  0.000 
-66864594.549 85127926.398  0.000 -27.534 -21.620  0.000 
-69217415.843 83226679.525  0.000 -26.919 -22.381  0.000 
-71516174.776 81260429.924  0.000 -26.283 -23.125  0.000 
-73759076.602 79230714.098  0.000 -25.626 -23.850  0.000 
-75944370.219 77139118.062  0.000 -24.949 -24.557  0.000 
-78070349.539 74987276.095  0.000 -24.253 -25.244  0.000 
-80135354.809 72776869.469  0.000 -23.538 -25.912  0.000 
-82137773.912 70509625.137  0.000 -22.805 -26.560  0.000 
-84076043.614 68187314.380  0.000 -22.054 -27.187  0.000 
-85948650.785 65811751.426  0.000 -21.285 -27.792  0.000 
-87754133.576 63384792.036  0.000 -20.500 -28.376  0.000 
-89491082.557 60908332.052  0.000 -19.699 -28.938  0.000 
-91158141.813 58384305.920  0.000 -18.883 -29.477  0.000 
-92754010.002 55814685.180  0.000 -18.052 -29.993  0.000 
-94277441.364 53201476.927  0.000 -17.206 -30.486  0.000 
-95727246.693 50546722.247  0.000 -16.348 -30.955  0.000 
-97102294.261 47852494.622  0.000 -15.476 -31.399  0.000 
-98401510.700 45120898.318  0.000 -14.593 -31.820  0.000 
-99623881.836 42354066.737  0.000 -13.698 -32.215  0.000 
-100768453.481 39554160.760  0.000 -12.792 -32.585  0.000 
-101834332.171 36723367.058  0.000 -11.876 -32.930  0.000 
-102820685.863 33863896.389  0.000 -10.951 -33.249  0.000 
-103726744.587 30977981.875  0.000 -10.018 -33.542  0.000 
-104551801.037 28067877.257  0.000 -9.077 -33.809  0.000 
-105295211.129 25135855.145  0.000 -8.128 -34.049  0.000 
-105956394.498 22184205.240  0.000 -7.174 -34.263  0.000 
-106534834.950 19215232.553  0.000 -6.213 -34.450  0.000 
-107030080.867 16231255.608  0.000 -5.248 -34.610  0.000 
-107441745.555 13234604.634  0.000 -4.279 -34.743  0.000 
-107769507.548 10227619.749  0.000 -3.307 -34.849  0.000 
-108013110.856 7212649.136  0.000 -2.331 -34.928  0.000 
-108172365.167 4192047.216  0.000 -1.354 -34.980  0.000 
-108247145.995 1168172.805  0.000 -0.376 -35.004  0.000 
-108237394.776 -1856612.713  0.000  0.602 -35.001  0.000 
-108143118.915 -4879947.238  0.000  1.580 -34.970  0.000 
-107964391.782 -7899469.785  0.000  2.557 -34.912  0.000 
-107701352.653 -10912822.332  0.000  3.531 -34.827  0.000 
-107354206.607 -13917651.653  0.000  4.503 -34.715  0.000 
-106923224.361 -16911611.155  0.000  5.471 -34.576  0.000 
-106408742.064 -19892362.706  0.000  6.436 -34.410  0.000 
-105811161.038 -22857578.457  0.000  7.395 -34.216  0.000 
-105130947.461 -25804942.658  0.000  8.348 -33.996  0.000 
-104368632.010 -28732153.463  0.000  9.295 -33.750  0.000 
-103524809.447 -31636924.725  0.000 10.234 -33.477  0.000 
-102600138.158 -34516987.778  0.000 11.166 -33.178  0.000 
-101595339.641 -37370093.206  0.000 12.089 -32.853  0.000 
-100511197.945 -40194012.599  0.000 13.002 -32.503  0.000 
-99348559.061 -42986540.287  0.000 13.905 -32.127  0.000 
-98108330.266 -45745495.064  0.000 14.798 -31.726  0.000 
-96791479.417 -48468721.891  0.000 15.679 -31.300  0.000 
-95399034.198 -51154093.572  0.000 16.547 -30.849  0.000 
-93932081.321 -53799512.417  0.000 17.403 -30.375  0.000 
-92391765.682 -56402911.880  0.000 18.245 -29.877  0.000 
-90779289.472 -58962258.168  0.000 19.073 -29.356  0.000 
-89095911.239 -61475551.833  0.000 19.886 -28.811  0.000 
-87342944.911 -63940829.331  0.000 20.684 -28.244  0.000 
-85521758.772 -66356164.552  0.000 21.465 -27.655  0.000 
-83633774.403 -68719670.331  0.000 22.230 -27.045  0.000 
-81680465.567 -71029499.916  0.000 22.977 -26.413  0.000 
-79663357.072 -73283848.412  0.000 23.706 -25.761  0.000 
-77584023.575 -75480954.193  0.000 24.417 -25.088  0.000 
-75444088.364 -77619100.278  0.000 25.109 -24.396  0.000 
-73245222.090 -79696615.671  0.000 25.781 -23.685  0.000 
-70989141.466 -81711876.671  0.000 26.433 -22.955  0.000 
-68677607.933 -83663308.138  0.000 27.064 -22.208  0.000 
-66312426.288 -85549384.728  0.000 27.675 -21.443  0.000 
-63895443.275 -87368632.084  0.000 28.263 -20.661  0.000 
-61428546.148 -89119627.992  0.000 28.830 -19.863  0.000 
-58913661.205 -90801003.492  0.000 29.374 -19.050  0.000 
-56352752.279 -92411443.952  0.000 29.895 -18.222  0.000 
-53747819.214 -93949690.095  0.000 30.393 -17.379  0.000 
-51100896.304 -95414538.990  0.000 30.867 -16.523  0.000 
-48414050.706 -96804844.991  0.000 31.317 -15.654  0.000 
-45689380.833 -98119520.635  0.000 31.742 -14.773  0.000 
-42929014.710 -99357537.499  0.000 32.143 -13.880  0.000 
-40135108.322 -100517927.003  0.000 32.518 -12.976  0.000 
-37309843.930 -101599781.172  0.000 32.869 -12.062  0.000 
-34455428.364 -102602253.351  0.000 33.193 -11.139  0.000 
-31574091.311 -103524558.868  0.000 33.492 -10.207  0.000 
-28668083.563 -104365975.652  0.000 33.764 -9.267  0.000 
-25739675.272 -105125844.803  0.000 34.010 -8.319  0.000 
-22791154.171 -105803571.108  0.000 34.229 -7.366  0.000 
-19824823.790 -106398623.514  0.000 34.422 -6.406  0.000 
-16843001.656 -106910535.547  0.000 34.588 -5.441  0.000 
-13848017.488 -107338905.678  0.000 34.727 -4.473  0.000 
-10842211.371 -107683397.645  0.000 34.838 -3.500  0.000 
-7827931.934 -107943740.718  0.000 34.923 -2.525  0.000 
-4807534.510 -108119729.920  0.000 34.980 -1.548  0.000 
-1783379.299 -108211226.184  0.000 35.010 -0.570  0.000 
1242170.475 -108218156.473  0.000 35.012  0.409  0.000 
4266750.416 -108140513.841  0.000 34.987  1.388  0.000 
7287996.800 -107978357.440  0.000 34.935  2.365  0.000 
10303548.425 -107731812.482  0.000 34.856  3.341  0.000 
13311048.457 -107401070.142  0.000 34.749  4.314  0.000 
16308146.271 -106986387.419  0.000 34.615  5.283  0.000 
19292499.293 -106488086.933  0.000 34.454  6.249  0.000 
22261774.829 -105906556.682  0.000 34.266  7.210  0.000 
25213651.893 -105242249.741  0.000 34.051  8.165  0.000 
28145823.022 -104495683.912  0.000 33.810  9.113  0.000 
31055996.079 -103667441.326  0.000 33.542 10.055  0.000 
33941896.052 -102758167.989  0.000 33.248 10.989  0.000 
36801266.831 -101768573.280  0.000 32.928 11.914  0.000 
39631872.975 -100699429.405  0.000 32.582 12.830  0.000 
42431501.462 -99551570.792  0.000 32.211 13.736  0.000 
45197963.425 -98325893.444  0.000 31.815 14.631  0.000 
47929095.862 -97023354.244  0.000 31.394 15.515  0.000 
50622763.332 -95644970.205  0.000 30.948 16.386  0.000 
53276859.628 -94191817.682  0.000 30.478 17.245  0.000 
55889309.427 -92665031.532  0.000 29.984 18.090  0.000 
58458069.915 -91065804.227  0.000 29.467 18.922  0.000 
60981132.390 -89395384.928  0.000 28.926 19.738  0.000 
63456523.833 -87655078.508  0.000 28.363 20.539  0.000 
65882308.457 -85846244.531  0.000 27.778 21.324  0.000 
68256589.224 -83970296.196  0.000 27.171 22.092  0.000 
70577509.331 -82028699.230  0.000 26.543 22.843  0.000 
72843253.666 -80022970.744  0.000 25.894 23.577  0.000 
75052050.232 -77954678.048  0.000 25.225 24.291  0.000 
77202171.536 -75825437.424  0.000 24.536 24.987  0.000 
79291935.944 -73636912.866  0.000 23.828 25.663  0.000 
81319708.997 -71390814.777  0.000 23.102 26.320  0.000 
83283904.698 -69088898.630  0.000 22.357 26.955  0.000 
85182986.752 -66732963.601  0.000 21.595 27.570  0.000 
87015469.773 -64324851.154  0.000 20.816 28.163  0.000 
88779920.447 -61866443.607  0.000 20.020 28.734  0.000 
90474958.659 -59359662.654  0.000 19.209 29.282  0.000 
92099258.575 -56806467.864  0.000 18.383 29.808  0.000 
93651549.682 -54208855.148  0.000 17.543 30.310  0.000 
95130617.782 -51568855.195  0.000 16.688 30.789  0.000 
96535305.950 -48888531.882  0.000 15.821 31.243  0.000 
97864515.438 -46169980.660  0.000 14.942 31.674  0.000 
99117206.538 -43415326.912  0.000 14.050 32.079  0.000 
100292399.397 -40626724.289  0.000 13.148 32.459  0.000 
101389174.789 -37806353.025  0.000 12.235 32.814  0.000 
102406674.831 -34956418.225  0.000 11.313 33.144  0.000 
103344103.659 -32079148.145  0.000 10.382 33.447  0.000 
104200728.055 -29176792.439  0.000  9.443 33.724  0.000 
104975878.016 -26251620.402  0.000  8.497 33.975  0.000 
105668947.284 -23305919.192  0.000  7.543 34.199  0.000 
106279393.822 -20341992.035  0.000  6.584 34.397  0.000 
106806740.235 -17362156.425  0.000  5.620 34.567  0.000 
107250574.148 -14368742.305  0.000  4.652 34.711  0.000 
107610548.527 -11364090.243  0.000  3.679 34.828  0.000 
107886381.952 -8350549.598  0.000  2.704 34.917  0.000 
108077858.838 -5330476.682  0.000  1.727 34.979  0.000 
108184829.602 -2306232.908  0.000  0.749 35.013  0.000 
108207210.779 719817.055  0.000 -0.231 35.020  0.000 
108144985.089 3745307.135  0.000 -1.210 35.000  0.000 
107998201.452 6767871.713  0.000 -2.188 34.953  0.000 
107766974.942 9785147.474  0.000 -3.164 34.878  0.000 
107451486.701 12794775.261  0.000 -4.138 34.776  0.000 
107051983.796 15794401.919  0.000 -5.108 34.646  0.000 
106568779.023 18781682.142  0.000 -6.075 34.490  0.000 
106002250.659 21754280.310  0.000 -7.037 34.307  0.000 
105352842.167 24709872.315  0.000 -7.993 34.096  0.000 
104621061.847 27646147.383  0.000 -8.943 33.860  0.000 
103807482.433 30560809.887  0.000 -9.886 33.596  0.000 
102912740.647 33451581.140  0.000 -10.821 33.307  0.000 
101937536.695 36316201.179  0.000 -11.748 32.991  0.000 
100882633.717 39152430.540  0.000 -12.666 32.650  0.000 
99748857.189 41958052.005  0.000 -13.574 32.283  0.000 
98537094.272 44730872.343  0.000 -14.471 31.890  0.000 
97248293.116 47468724.022  0.000 -15.357 31.473  0.000 
95883462.117 50169466.908  0.000 -16.230 31.032  0.000 
94443669.122 52830989.940  0.000 -17.092 30.566  0.000 
92930040.590 55451212.782  0.000 -17.939 30.076  0.000 
91343760.709 58028087.447  0.000 -18.773 29.562  0.000 
89686070.469 60559599.905  0.000 -19.592 29.026  0.000 
87958266.680 63043771.654  0.000 -20.396 28.467  0.000 
86161700.962 65478661.267  0.000 -21.183 27.885  0.000 
84297778.678 67862365.914  0.000 -21.955 27.282  0.000 
82367957.835 70193022.846  0.000 -22.709 26.658  0.000 
80373747.940 72468810.850  0.000 -23.445 26.012  0.000 
78316708.810 74687951.677  0.000 -24.163 25.347  0.000 
76198449.358 76848711.427  0.000 -24.862 24.661  0.000 
74020626.320 78949401.907  0.000 -25.541 23.956  0.000 
71784942.965 80988381.947  0.000 -26.201 23.233  0.000 
69493147.753 82964058.680  0.000 -26.840 22.491  0.000 
67147032.967 84874888.791  0.000 -27.458 21.732  0.000 
64748433.309 86719379.716  0.000 -28.054 20.956  0.000 
62299224.458 88496090.811  0.000 -28.629 20.164  0.000 
59801321.602 90203634.471  0.000 -29.181 19.355  0.000 
57256677.938 91840677.217  0.000 -29.711 18.532  0.000 
54667283.141 93405940.732  0.000 -30.217 17.694  0.000 
52035161.803 94898202.859  0.000 -30.700 16.842  0.000 
49362371.850 96316298.553  0.000 -31.158 15.978  0.000 
46651002.931 97659120.786  0.000 -31.593 15.100  0.000 
43903174.777 98925621.413  0.000 -32.002 14.211  0.000 
41121035.544 100114811.985  0.000 -32.387 13.311  0.000 
38306760.134 101225764.515  0.000 -32.746 12.400  0.000 
35462548.488 102257612.206  0.000 -33.079 11.480  0.000 
32590623.864 103209550.117  0.000 -33.387 10.551  0.000 
29693231.104 104080835.794  0.000 -33.669  9.614  0.000 
26772634.868 104870789.842  0.000 -33.924  8.669  0.000 
23831117.871 105578796.453  0.000 -34.153  7.717  0.000 
20870979.091 106204303.881  0.000 -34.355  6.759  0.000 
17894531.975 106746824.871  0.000 -34.531  5.796  0.000 
14904102.630 107205937.033  0.000 -34.679  4.829  0.000 
11902027.999 107581283.170  0.000 -34.800  3.858  0.000 
8890654.044 107872571.548  0.000 -34.894  2.884  0.000 
5872333.902 108079576.124  0.000 -34.961  1.907  0.000 
2849426.052 108202136.713  0.000 -35.000  0.929  0.000 
-175707.527 108240159.112  0.000 -35.012 -0.049  0.000 
-3200703.207 108193615.168  0.000 -34.997 -1.028  0.000 
-6223197.551 108062542.793  0.000 -34.954 -2.006  0.000 
-9240829.162 107847045.932  0.000 -34.885 -2.982  0.000 
-12251240.528 107547294.478  0.000 -34.787 -3.956  0.000 
-15252079.861 107163524.129  0.000 -34.663 -4.926  0.000 
-18241002.933 106696036.206  0.000 -34.512 -5.893  0.000 
-21215674.907 106145197.410  0.000 -34.333 -6.855  0.000 
-24173772.157 105511439.530  0.000 -34.128 -7.812  0.000 
-27112984.086 104795259.104  0.000 -33.896 -8.763  0.000 
-30031014.923 103997217.025  0.000 -33.638 -9.707  0.000 
-32925585.517 103117938.098  0.000 -33.353 -10.643  0.000 
-35794435.118 102158110.552  0.000 -33.042 -11.571  0.000 
-38635323.132 101118485.494  0.000 -32.706 -12.490  0.000 
-41446030.877 99999876.321  0.000 -32.344 -13.399  0.000 
-44224363.308 98803158.082  0.000 -31.957 -14.298  0.000 
-46968150.730 97529266.789  0.000 -31.544 -15.185  0.000 
-49675250.489 96179198.684  0.000 -31.108 -16.061  0.000 
-52343548.641 94754009.458  0.000 -30.646 -16.924  0.000 
-54970961.604 93254813.424  0.000 -30.161 -17.773  0.000 
-57555437.774 91682782.644  0.000 -29.653 -18.609  0.000 
-60094959.133 90039146.011  0.000 -29.121 -19.431  0.000 
-62587542.811 88325188.287  0.000 -28.566 -20.237  0.000 
-65031242.641 86542249.098  0.000 -27.990 -21.027  0.000 
-67424150.668 84691721.888  0.000 -27.391 -21.801  0.000 
-69764398.636 82775052.825  0.000 -26.771 -22.558  0.000 
-72050159.446 80793739.677  0.000 -26.130 -23.297  0.000 
-74279648.576 78749330.633  0.000 -25.469 -24.018  0.000 
-76451125.472 76643423.102  0.000 -24.787 -24.720  0.000 
-78562894.902 74477662.458  0.000 -24.087 -25.403  0.000 
-80613308.278 72253740.760  0.000 -23.367 -26.066  0.000 
-82600764.938 69973395.426  0.000 -22.630 -26.709  0.000 
-84523713.389 67638407.881  0.000 -21.874 -27.331  0.000 
-86380652.521 65250602.165  0.000 -21.102 -27.932  0.000 
-88170132.770 62811843.506  0.000 -20.313 -28.510  0.000 
-89890757.250 60324036.870  0.000 -19.508 -29.067  0.000 
-91541182.838 57789125.468  0.000 -18.688 -29.600  0.000 
-93120121.217 55209089.248  0.000 -17.854 -30.111  0.000 
-94626339.886 52585943.342  0.000 -17.005 -30.598  0.000 
-96058663.109 49921736.502  0.000 -16.144 -31.061  0.000 
-97415972.839 47218549.496  0.000 -15.269 -31.500  0.000 
-98697209.584 44478493.488  0.000 -14.383 -31.915  0.000 
-99901373.230 41703708.392  0.000 -13.486 -32.304  0.000 
-101027523.821 38896361.203  0.000 -12.578 -32.668  0.000 
-102074782.292 36058644.308  0.000 -11.660 -33.007  0.000 
-103042331.151 33192773.776  0.000 -10.733 -33.320  0.000 
-103929415.115 30300987.631  0.000 -9.798 -33.607  0.000 
-104735341.699 27385544.108  0.000 -8.855 -33.867  0.000 
-105459481.753 24448719.891  0.000 -7.905 -34.101  0.000 
-106101269.957 21492808.340  0.000 -6.949 -34.309  0.000 
-106660205.253 18520117.705  0.000 -5.987 -34.490  0.000 
-107135851.242 15532969.323  0.000 -5.021 -34.644  0.000 
-107527836.521 12533695.812  0.000 -4.051 -34.770  0.000 
-107835854.973 9524639.253  0.000 -3.078 -34.870  0.000 
-108059666.004 6508149.363  0.000 -2.102 -34.942  0.000 
-108199094.735 3486581.666  0.000 -1.125 -34.988  0.000 
-108254032.134 462295.654  0.000 -0.147 -35.005  0.000 
-108224435.102 -2562347.048  0.000  0.832 -34.996  0.000 
-108110326.511 -5584984.524  0.000  1.809 -34.959  0.000 
-107911795.184 -8603256.411  0.000  2.785 -34.895  0.000 
-107628995.825 -11614805.731  0.000  3.760 -34.803  0.000 
-107262148.905 -14617280.738  0.000  4.731 -34.685  0.000 
-106811540.483 -17608336.742  0.000  5.698 -34.539  0.000 
-106277521.994 -20585637.942  0.000  6.661 -34.366  0.000 
-105660509.969 -23546859.244  0.000  7.619 -34.167  0.000 
-104960985.715 -26489688.077  0.000  8.571 -33.941  0.000 
-104179494.941 -29411826.191  0.000  9.516 -33.688  0.000 
-103316647.334 -32310991.455  0.000 10.454 -33.409  0.000 
-102373116.087 -35184919.628  0.000 11.383 -33.104  0.000 
-101349637.373 -38031366.134  0.000 12.304 -32.773  0.000 
-100247009.778 -40848107.806  0.000 13.215 -32.417  0.000 
-99066093.675 -43632944.623  0.000 14.116 -32.035  0.000 
-97807810.562 -46383701.422  0.000 15.006 -31.628  0.000 
-96473142.339 -49098229.601  0.000 15.884 -31.196  0.000 
-95063130.549 -51774408.791  0.000 16.749 -30.740  0.000 
-93578875.570 -54410148.510  0.000 17.602 -30.260  0.000 
-92021535.753 -57003389.798  0.000 18.441 -29.757  0.000 
-90392326.528 -59552106.820  0.000 19.265 -29.230  0.000 
-88692519.457 -62054308.450  0.000 20.075 -28.680  0.000 
-86923441.242 -64508039.823  0.000 20.868 -28.108  0.000 
-85086472.697 -66911383.865  0.000 21.646 -27.514  0.000 
-83183047.673 -69262462.787  0.000 22.406 -26.898  0.000 
-81214651.939 -71559439.552  0.000 23.149 -26.262  0.000 
-79182822.032 -73800519.313  0.000 23.874 -25.605  0.000 
-77089144.056 -75983950.810  0.000 24.581 -24.928  0.000 
